50.118248 53.451775 39.279296 
51.417612 67.443649 41.009074 
57.509710 63.236987 36.262692 
54.596123 60.378298 35.323969 
57.323417 51.694706 28.973418 
56.553698 60.651718 26.761753 
49.861816 68.957433 32.506710 
39.346282 53.964154 39.432812 
38.256230 67.834159 41.289619 
32.187739 63.838714 36.170677 
35.069798 60.847172 35.312307 
31.961524 52.343536 29.046476 
33.332961 61.289792 26.760477 
40.212599 69.371911 32.753861 
57.501885 89.168352 39.856281 
31.409384 88.766384 40.240318 
63.363317 63.863064 35.935789 
26.140988 64.610464 35.707098 
51.890064 73.059287 63.154410 
36.967937 72.208372 63.961564 
63.977328 72.499589 56.714680 
25.590874 72.593415 57.065907 
69.063689 77.209848 40.480313 
20.022041 77.123079 40.076297 
70.051423 70.191285 44.239881 
19.333767 70.762696 44.258356 
61.894498 57.223008 60.024036 
27.047232 58.251078 60.247660 
65.251724 68.525890 21.172428 
24.745448 69.439190 21.115447 
73.175487 60.636233 31.846449 
16.218375 62.212664 30.982414 
74.910942 49.282003 37.121729 
14.933176 51.536371 36.611162 
73.938970 60.209814 25.456765 
16.174598 61.709420 24.048075 
75.362779 49.551622 30.026139 
14.488102 51.721130 29.683836 
73.464622 36.277039 36.228256 
15.975081 38.543354 36.634582 
69.044450 59.864301 17.089495 
21.785154 61.204530 16.085520 
71.292568 49.280131 22.774445 
18.631338 51.763291 21.626494 
70.713507 36.381095 27.790210 
18.190309 38.199946 27.661121 
64.440410 49.360635 61.205761 
25.752505 50.126946 61.757756 
59.615658 38.573962 64.720636 
30.418321 39.223700 65.372651 
72.496273 46.534955 54.912655 
16.651716 49.546435 55.035657 
71.241649 39.579627 52.386739 
17.962755 42.793230 52.303899 
70.012197 35.483631 51.072849 
19.323385 37.339556 52.314156 
61.390472 26.818298 54.736460 
28.246826 27.416145 55.008849 
67.113891 25.247193 34.953997 
22.492723 26.024843 35.129515 
49.854604 25.493147 39.838131 
38.804569 26.718805 40.062625 
47.170235 84.891109 27.501277 
41.635133 84.900946 27.827367 
47.388960 61.511799 64.138488 
41.390928 61.619483 64.334988 
47.096539 73.519428 28.763059 
41.568719 73.243593 27.847278 
47.674958 81.195323 46.268798 
41.170280 81.185819 46.890206 
46.949742 72.461233 48.118064 
41.570524 73.298311 48.262940 
47.629225 43.979060 50.938071 
40.771920 44.643699 50.813205 
48.594017 33.324668 54.940920 
39.877496 34.043112 54.908320 
48.920149 23.450997 49.506079 
39.477206 24.487510 49.982133 
59.991473 75.058486 27.882702 
30.211807 74.972757 28.010634 
56.566368 58.545310 20.921335 
33.374620 59.174161 20.736513 
56.439871 46.535583 27.747586 
33.259082 47.564309 27.642501 
51.145050 29.706574 33.441414 
37.388203 31.546839 33.417104 
61.580838 60.109894 15.866527 
29.079750 61.259683 15.358760 
62.891615 48.483263 23.273722 
26.824607 51.117027 21.785816 
61.768506 36.310747 28.065805 
27.413246 38.355573 27.597300 
58.223405 24.974438 29.369716 
31.519509 25.503870 29.911572 
65.252123 72.201903 37.944583 
24.016781 72.434482 37.833102 
68.936073 58.664464 41.851302 
20.360007 60.123864 41.475132 
69.756721 47.127898 46.352424 
19.903340 49.515346 46.817481 
68.759202 59.779674 33.215634 
20.703418 60.993962 33.212288 
68.137910 53.180547 39.443840 
21.215339 54.732497 39.467279 
71.486575 48.245344 42.076965 
17.418942 50.425551 42.964566 
49.110789 26.647867 43.934142 
38.715380 28.087664 44.377968 
53.553662 15.062061 39.620505 
35.370742 15.791790 40.148742 
